
-----list1-----

LlNode 0 [0x000001D708C70EC0]
  ValA:       319.0000       289.0000       117.0000       301.0000
  ValB:       472.0000       312.0000       113.0000       128.0000
  ValC:       569.6885       425.2823       162.6592       327.0856
  ValD:         1.4682         1.4163         1.4146         1.6664

LlNode 1 [0x000001D708C72C80]
  ValA:       137.0000       247.0000       261.0000        33.0000
  ValB:       188.0000       269.0000       233.0000       282.0000
  ValC:       232.6220       365.1986       349.8714       283.9243
  ValD:         1.4495         1.4168         1.4188         2.9432

LlNode 2 [0x000001D708C72F00]
  ValA:       273.0000       367.0000       211.0000       476.0000
  ValB:       439.0000        72.0000        21.0000       218.0000
  ValC:       516.9623       373.9960       212.0424       523.5456
  ValD:         1.4933         2.3007         3.1855         1.6253

LlNode 3 [0x000001D708C73180]
  ValA:       242.0000       441.0000        26.0000       382.0000
  ValB:       327.0000       460.0000        58.0000       450.0000
  ValC:       406.8083       637.2449        63.5610       590.2745
  ValD:         1.4461         1.4148         1.6368         1.4237

LlNode 4 [0x000001D708C73440]
  ValA:       401.0000       375.0000       495.0000       147.0000
  ValB:       337.0000       297.0000       375.0000       208.0000
  ValC:       523.8034       478.3660       621.0072       254.7018
  ValD:         1.4249         1.4334         1.4414         1.4566

LlNode 5 [0x000001D708C736C0]
  ValA:       457.0000        88.0000       383.0000        36.0000
  ValB:       473.0000       403.0000       288.0000       232.0000
  ValC:       657.7066       412.4961       479.2004       234.7765
  ValD:         1.4146         2.1904         1.4429         2.5690

LlNode 6 [0x000001D708C73940]
  ValA:       472.0000        25.0000       131.0000       105.0000
  ValB:       253.0000       427.0000       472.0000       498.0000
  ValC:       535.5306       427.7312       489.8418       508.9489
  ValD:         1.5497         4.1399         1.9699         2.2257

LlNode 7 [0x000001D708C73BC0]
  ValA:       210.0000         6.0000        10.0000       258.0000
  ValB:       465.0000       409.0000       484.0000       431.0000
  ValC:       510.2205       409.0440       484.1033       502.3196
  ValD:         1.6328         8.2572         6.9585         1.5064

-----list2a-----

LlNode 0 [0x000001D708C73E80]
  ValA:       319.0000       289.0000       117.0000       301.0000
  ValB:       472.0000       312.0000       113.0000       128.0000
  ValC:       569.6885       425.2823       162.6592       327.0856
  ValD:         1.4682         1.4163         1.4146         1.6664

LlNode 1 [0x000001D708C74100]
  ValA:       137.0000       247.0000       261.0000        33.0000
  ValB:       188.0000       269.0000       233.0000       282.0000
  ValC:       232.6220       365.1986       349.8714       283.9243
  ValD:         1.4495         1.4168         1.4188         2.9432

LlNode 2 [0x000001D708C74380]
  ValA:       273.0000       367.0000       211.0000       476.0000
  ValB:       439.0000        72.0000        21.0000       218.0000
  ValC:       516.9623       373.9960       212.0424       523.5456
  ValD:         1.4933         2.3007         3.1855         1.6253

LlNode 3 [0x000001D708C74600]
  ValA:       242.0000       441.0000        26.0000       382.0000
  ValB:       327.0000       460.0000        58.0000       450.0000
  ValC:       406.8083       637.2449        63.5610       590.2745
  ValD:         1.4461         1.4148         1.6368         1.4237

LlNode 4 [0x000001D708C748C0]
  ValA:       401.0000       375.0000       495.0000       147.0000
  ValB:       337.0000       297.0000       375.0000       208.0000
  ValC:       523.8034       478.3660       621.0072       254.7018
  ValD:         1.4249         1.4334         1.4414         1.4566

LlNode 5 [0x000001D708C74B40]
  ValA:       457.0000        88.0000       383.0000        36.0000
  ValB:       473.0000       403.0000       288.0000       232.0000
  ValC:       657.7066       412.4961       479.2004       234.7765
  ValD:         1.4146         2.1904         1.4429         2.5690

LlNode 6 [0x000001D708C74DC0]
  ValA:       472.0000        25.0000       131.0000       105.0000
  ValB:       253.0000       427.0000       472.0000       498.0000
  ValC:       535.5306       427.7312       489.8418       508.9489
  ValD:         1.5497         4.1399         1.9699         2.2257

LlNode 7 [0x000001D708C75040]
  ValA:       210.0000         6.0000        10.0000       258.0000
  ValB:       465.0000       409.0000       484.0000       431.0000
  ValC:       510.2205       409.0440       484.1033       502.3196
  ValD:         1.6328         8.2572         6.9585         1.5064

-----list2b-----

LlNode 0 [0x000001D708C75300]
  ValA:       319.0000       289.0000       117.0000       301.0000
  ValB:       472.0000       312.0000       113.0000       128.0000
  ValC:       569.6885       425.2823       162.6592       327.0856
  ValD:         1.4682         1.4163         1.4146         1.6664

LlNode 1 [0x000001D708C767C0]
  ValA:       137.0000       247.0000       261.0000        33.0000
  ValB:       188.0000       269.0000       233.0000       282.0000
  ValC:       232.6220       365.1986       349.8714       283.9243
  ValD:         1.4495         1.4168         1.4188         2.9432

LlNode 2 [0x000001D708C76F80]
  ValA:       273.0000       367.0000       211.0000       476.0000
  ValB:       439.0000        72.0000        21.0000       218.0000
  ValC:       516.9623       373.9960       212.0424       523.5456
  ValD:         1.4933         2.3007         3.1855         1.6253

LlNode 3 [0x000001D708C76A40]
  ValA:       242.0000       441.0000        26.0000       382.0000
  ValB:       327.0000       460.0000        58.0000       450.0000
  ValC:       406.8083       637.2449        63.5610       590.2745
  ValD:         1.4461         1.4148         1.6368         1.4237

LlNode 4 [0x000001D708C75D80]
  ValA:       401.0000       375.0000       495.0000       147.0000
  ValB:       337.0000       297.0000       375.0000       208.0000
  ValC:       523.8034       478.3660       621.0072       254.7018
  ValD:         1.4249         1.4334         1.4414         1.4566

LlNode 5 [0x000001D708C76280]
  ValA:       457.0000        88.0000       383.0000        36.0000
  ValB:       473.0000       403.0000       288.0000       232.0000
  ValC:       657.7066       412.4961       479.2004       234.7765
  ValD:         1.4146         2.1904         1.4429         2.5690

LlNode 6 [0x000001D708C76000]
  ValA:       472.0000        25.0000       131.0000       105.0000
  ValB:       253.0000       427.0000       472.0000       498.0000
  ValC:       535.5306       427.7312       489.8418       508.9489
  ValD:         1.5497         4.1399         1.9699         2.2257

LlNode 7 [0x000001D708C75B00]
  ValA:       210.0000         6.0000        10.0000       258.0000
  ValB:       465.0000       409.0000       484.0000       431.0000
  ValC:       510.2205       409.0440       484.1033       502.3196
  ValD:         1.6328         8.2572         6.9585         1.5064
